02136754
72130654
06134572
25107364
40213567
42176035
56342107
16732540
13702654
62470153
42610573
10736542
50673241
07213654
50642173
34076512
52347610
36745012
36054127
36471250
23456170
41526370
73210654
16542307
20341576
34502176
07326514
25643170
35612704
64532017
41602375
34720165
23514607
70612354
31257604
23471065
45673201
73601254
63072514
06342571
76143205
26157304
24370615
42036517
63470512
36420751
73145602
43072561
36145270
65013427
25376104
46302571
27143065
16540723
36127054
76350214
24073156
36470512
60243517
02314765
21475360
01743652
23570146
35046712
54032617
35407216
25401367
06143257
34751260
16742530
07436152
15402637
36507214
65307214
61430752
53472160
40531267
46152370
21340567
43610572
01236574
12307654
05243617
63145270
35047126
73052146
36740512
35672014
03127645
13507624
13540276
45702361
35072164
43126570
45326107
43120765
62437150
23451067
61740523
63107254
01457362
32657104
72356014
05132764
43107256
70342516
46302715
62034517
32471065
32176054
65473120
06543172
34502167
60453127
26470513
30641572
20643715
43507126
43705216
16320547
40513627
32746501
45612073
62153047
13054672
16470532
72613540
21643075
63127504
10532647
03526417
13062574
27345016
63174025
03642571
21456073
73026514
34576120
75342610
14027365
01642735
46317502
13520674
02473516
35614702
23074615
61472305
62317054
30746512
12374065
15372604
37612054
25174360
41056372
12563074
36574201
03164257
74316052
34570162
25610437
40312657
32540176
03145276
31745206
40673215
25034617
41507263
20146357
16523074
01546723
53107264
60154327
20746351
03615274
60245137
56123074
51302674
36107542
14273650
24513067
04673215
15642073
62143507
26037514
46712530
21745063
71452603
73124065
16423750
31527640
21403567
20536174
12053674
34276015
75043261
46510273
54036217
06247351
27314065
62473051
31462057
36421570
16403752
76102354
76150324
73124605
21430576
05423617
41073652
24106537
62147530
74632105
07342561
43062571
43120675
64273105
26413057
42653071
14573602
56142073
15472360
21074356
31052674
07143625
14572063
46517203
16452703
37146520
76123504
03142675
71643250
67342105
03716254
16472530
72345601
02316547
61074325
61502734
30146275
04512367
23547610
60342571
32457160
42136057
36024517
62547310
63140275
52413067
23517640
23504761
41572360
23047165
57102364
56042137
73541260
60423157
25743106
30521674
35017642
20163547
10526374
24073165
46317250
36015742
61320574
62137450
60532714
23054761
32506174
03147256
21540673
41703652
16543207
21076345
40371652
05643217
37056142
30154672
50312674
53072146
46573210
24530617
61450273
34076251
21460357
20163574
45376102
31647250
23476150
71502364
60173254
73152064
13620574
12534670
61074253
76413250
61743052
16472053
46503127
31546027
03174652
16047253
36547021
56042317
72310654
10647253
13546027
65472103
30145762
31057624
76352041
56142307
61043725
05342617
65732104
35041267
26174350
01243657
30712654
42503167
07312654
46073512
36471520
36510274
20647531
46123507
41063275
21640735
30164257
46703521
16540732
26017435
23471056
35461207
76132504
76513204
36547210
25316704
23045617
35741602
43716052
24135067
40562317
26405317
71042356
16504273
32547106
15740632
46103275
21546730
31702654
20145673
21436075
16723540
10352467
06742513
61432057
72143065
50246317
12463507
41052637
23065714
76240315
46310572
42517630
14520367
23407156
16032457
73042165
26304751
01546327
24731065
61543720
43605712
62047513
12603457
42517360
31456072
03175246
30547612
37126054
53420617
36074251
01543267
12537064
27540361
54172306
56340217
26145307
36154207
70146325
26457103
06423157
32145076
36702514
63104257
23605174
30621547
43512760
73106254
74532601
62340517
14032657
42371650
31540762
46352710
06532714
56132074
32610574
62417350
21354607
61452307
16043572
17432605
36170452
65743102
05412673
20174635
46037215
02436517
12047635
07452361
26437051
46102573
46072531
63042715
30514267
20547163
35240617
13502764
27305614
25407163
35712604
05146372
06172354
36102754
02147653
23476501
13546702
60514237
65342071
30175642
63247051
21376054
25346170
53140672
23164507
37510264
30516724
05372641
61743250
15642037
01432675
61023547
61470253
36425071
23056714
36247015
34071652
01427653
40531672
46702513
25437106
26473501
64532107
26047513
32407615
45630217
01472635
31674250
52613074
06413572
30154267
20365714
35074261
62035174
21740536
62345107
65143720
36210574
62154037
62134750
14503672
21436057
56012374
25640317
06712354
53042716
04352167
24175360
72406135
04127365
46172503
26430157
06134725
30175264
76402531
62710354
31650274
31075624
41352067
30457126
02374516
73450162
23670514
72140635
60147352
63157204
07132645
31457602
61453207
40173625
61407352
63150274
21450367
07312645
72154360
21746305
64703125
30574261
31406752
21476350
64320157
03716542
01526374
61507243
02543167
63074251
30124657
74312605
12370654
43156720
26341705
23176450
31462507
24317065
46503217
03541267
73512064
21706543
25403176
43027615
02143675
40136257
02176354
46157320
70142653
63170254
53146720
32016574
21046357
73642051
35042671
40753162
17632054
60532174
60174325
36015724
73612054
42106537
35147620
50613274
16453072
71026345
23701654
13072645
31754260
64073152
26435071
70352641
30521467
31475602
14563027
35642017
73512640
70246531
20157364
01623547
25417360
24017365
31527604
12063547
31056472
46702135
34271650
73162540
35064217
25043176
43520617
10432765
01526347
36174052
06124357
02156374
16073542
21530647
30174652
62173045
56342017
54632017
12043657
43526017
41572063
13572460
05136274
37146205
52643071
24360157
76142035
07136254
73206514
34126570
52143706
56140273
61340572
61745302
61043752
31740265
35647201
23640751
40152673
30427615
32104567
36150427
31567204
41536072
36547201
25134607
61732054
52643170
21507634
34572610
03654217
23514076
35426017
10273645
06732514
42753610
20157634
01372645
43562170
30124576
64123570
14302675
31475260
72046531
26350714
23061574
26470153
35142076
35140276
23165704
53712640
72146053
27316540
60431572
71523604
24506137
36215704
53120674
46213057
30642715
43712605
34576012
73102654
62541037
35401672
32451607
46213507
27346015
60142357
61534207
03176452
02647531
06147352
43076512
15047263
06437251
15740623
34026571
27340651
65304217
31402765
73641250
76134205
01427365
73046251
32140756
14076352
03174625
03126754
04723165
40675312
71403265
14076253
54302671
16702543
30572164
05647213
43570162
25471306
34506172
42031657
40326157
47302651
31574602
32156074
12530467
06472135
13402657
32540671
36120574
63172540
24310765
40352617
71406352
25136407
43206517
15740362
20576134
32047165
01547326
62314507
36014257
65340217
12540763
43157602
24176530
14526307
25310746
15402376
06135724
35612407
45073126
37042615
76314052
30724615
03472615
16437052
25013467
01542673
31426750
34075612
35176042
45132607
01574326
10372465
67123054
30541726
36517024
32176045
24176350
20745136
52107364
34150267
43570612
70612534
62037514
41752360
06153247
21054673
73102645
21306754
32641750
72506341
36720541
31570642
30172645
43176502
03152674
25614037
20316457
37146052
30645271
50473216
62130574
35071246
43602571
25431607
72456301
41076235
36045721
32157604
43716520
26134057
30427651
61043572
71453026
30126574
61532047
62437051
35614072
05472163
05246317
31062574
23574106
36052417
20316574
40173256
36145207
41750362
30146725
32654071
73102465
61540327
71406253
25476130
03154672
64071253
31472056
36140257
45236107
02643715
53702164
31540276
16473250
61073245
40217365
23054167
24706135
61547023
71430625
23457160
31470256
23675401
40563217
36742015
64572103
76403512
23507164
46237015
14072653
16372504
57142360
42650317
30574621
06435217
35621074
26031547
21745603
13470256
62173540
42617035
21534607
13574206
13427065
03751264
35617042
45103267
51470263
34712650
01726345
56432107
34176502
35641720
41276350
14503267
20174356
06473512
02635147
43152706
15246307
30456127
63145072
10462357
42670351
20673541
41703265
23146570
52340617
25047613
14276305
64205317
73042615
20347651
41056327
42076315
53174206
43675102
31470526
32647501
61047253
76403215
06423571
70246315
06173452
21053647
31542670
43526107
12306574
71352604
65247310
26170354
32541067
25147306
14753260
32165074
20364517
60732541
31025647
27016354
76042315
30475162
43176250
65134270
21407356
04156237
03726541
40213657
30672415
23475016
35610472
52307614
30462157
72036514
30742615
23014567
10436752
23047615
46052317
20463157
23671540
31746502
06147253
16430572
62540173
43726501
40317652
10463257
20715346
26104357
04327615
24061357
63172045
62154370
42173506
30517642
36412570
40372561
03547216
31754026
21047635
03752164
61703254
35641702
03674512
36075142
45072361
23014576
52306174
35604271
36427105
21054637
30425617
04573612
10432657
73216054
43617250
06354271
12357604
67210354
01734652
50642317
10432675
30654127
72136504
36704521
15402367
34612057
60347251
42605317
52603174
30612574
43510672
31720645
60514327
40572163
31547260
30752416
23657140
45032617
42307615
41573062
31706542
30142657
31546720
34072516
75013624
32640751
40315672
14270653
43017256
06143725
36512047
36104527
31467250
70213654
43571206
65130274
10463572
31042675
51042376
03172546
20356714
04713265
35167024
21735064
34762150
34510627
34652017
60712543
76401253
30451672
61573024
53102764
64172530
32017654
32607541
31527064
16042357
01437625
65134072
10376452
65312074
23547160
61453072
12073645
72043516
25610374
36071254
65210374
54302167
14320657
60513427
21476503
76143250
31526074
26047351
06732541
46152073
13052764
65342710
71430652
03657241
64132507
31457206
46372150
31256074
34276501
45013627
35426107
64703512
23140657
17352640
61374250
06731245
32614570
72643501
10546327
03246517
21560374
41376205
63547021
21706345
60743215
31452760
16427053
20435617
26047153
23174056
36105427
23641570
43517206
36420571
04273615
61307254
43062175
25037614
65302174
43572106
24057361
43072615
74012653
30167254
45613207
34670251
70512364
10435672
62374510
20513647
25076431
73620514
20531467
14027653
74603215
60427315
76423510
42673105
31452670
43517026
12374605
40672135
17032564
23415076
40172356
40316527
70352614
36470125
42073615
34072165
24153607
43617205
30524671
51743602
26013547
43106527
14753602
24576013
71046235
24036517
06374251
63407512
61230547
35021647
25401673
02617354
36170254
03157264
20345716
03672415
36170245
34170625
21564370
04321657
35012467
47032165
02643571
62340715
46073251
36742510
34521607
62305174
31074256
60513247
42510673
03426517
30756142
30245617
02146573
67013542
45213670
26317054
20516374
06143752
40321657
72340516
25741603
23167054
24536017
41072653
05431672
21743560
65437201
16243507
34172506
15342067
23410765
62547301
73645012
53107624
10526437
36457021
21306574
60354217
31076542
06342715
35126407
04653127
36175240
70346215
17342650
15732064
14536207
14352067
42603571
36012547
43216057
26407351
23514670
42510376
74106352
32601754
21463570
31402675
43526071
21750643
43076251
62370514
71342650
21437650
31406572
40623517
25376041
26407513
41752603
46053127
46702315
76312450
21530674
35472106
13547260
10453267
12437650
31640725
63145027
62340175
21750364
71653240
24371650
61372540
43726051
36471502
13540672
62143075
02357641
61043257
72514360
61753024
31456270
25306174
06534271
76132405
32407561
03124675
15470263
04172365
30547216
15763204
71436052
31720654
01452673
03572146
34672150
73450612
23157604
53406217
70412365
04173265
46073215
76432150
02347561
26735041
21463507
46053271
20471365
26430751
42137605
04152367
60125374
03157624
64312507
73425610
15473026
14572630
76142053
34720156
32645170
61203574
23175640
60513274
67143502
42675310
62345071
56402173
42703651
62147035
62145703
60153427
24017653
72140365
30176425
26340517
01237654
26407531
13564207
14752063
60431257
72436105
26015734
65120374
14520673
14052673
20631547
50413672
26470351
37542601
03174526
02541367
74612305
31425706
20547631
34076152
34175062
03426157
20617534
16032547
06372541
41576032
20546731
21476530
61742053
62143057
27105364
04612357
64125307
31476205
60452137
63510724
63410257
63427105
31425607
27146053
30612457
35410672
45016237
06145273
74352601
45602173
71503264
20536147
30156724
36145072
25367014
01423765
52136074
26310547
24036157
07316254
42376501
43012576
23105467
34612570
65432170
73246015
42153067
23560174
43102576
43607251
31640527
14572360
25041376
12603754
36701542
14670325
64023517
02513764
43507261
60753124
23706514
14673250
21346507
26174503
20345761
21506347
50143672
03451672
30176542
01546372
06471352
14073625
10432567
43056712
52613704
45716302
60135724
36014725
07642351
21643057
62043571
62157034
73216504
76340215
16403527
73140625
07143256
10732645
21704365
06432517
07513624
71420365
31475206
37146025
72543601
73240615
30571462
71436250
30156274
30641257
31572604
53642107
61034257
34175602
43517062
42176305
13642057
27346501
73154260
12546073
73015264
21436570
20547316
56713204
12057364
63124570
71542360
26374051
24173605
25346701
71243650
70516234
60312574
72153064
21306547
20613754
16703542
14653207
17502364
25041367
31564270
62047315
24073516
72143650
35206174
25731604
06437512
76310542
34671205
13542760
30156742
34057612
45632071
43176025
02314576
60532417
10243657
06423715
57342601
35467120
40256371
40152637
34527601
04123657
56402317
20153467
32147056
16450273
25617034
40172635
40127365
34207615
72156340
35120647
43502761
31572064
30146257
30147256
26037541
06134257
65023714
73652014
23450167
74126350
21430657
61472350
76103254
20431567
21506743
23716540
35147206
20471653
43720615
71053642
04213567
07342615
05426317
61037245
36152407
56143027
35741620
16435072
42163057
43210657
31607254
36540127
23540617
24173065
61372504
03512764
05142367
25347061
72316054
56142703
61753204
46072513
71046253
40312567
05431267
26317504
30247615
05643271
20614357
24056317
63412570
43167205
12543067
30214567
30562147
20317645
46357210
72145630
26743510
75012364
01573462
64302157
42706531
03641572
21450673
03512467
35126704
13472650
07123654
64502173
41576320
67342051
34170265
20516734
70153264
35614270
43017265
13452067
35421670
20143657
31574206
56142730
30452176
63105742
71406235
26140537
62014357
23510674
23407615
24035617
73604251
04231657
73602541
60534127
42173605
64132570
05641327
32076541
01523647
43750261
43706512
24603157
73120465
06317542
23547061
60473215
26374150
73402615
35247016
62475013
36521704
21546037
03572614
20146753
30671542
10367254
13672540
60247315
36417025
40123657
31256740
26314075
14536702
76042513
01723645
23501764
24605317
61247305
65403217
65143702
60713254
52403167
26340157
31246507
02617534
03546172
25136470
60243571
31276054
72013564
13026547
23746051
71046325
76430512
15730264
71463205
03217654
71243605
63742051
23075146
46352107
43672501
12346570
06317254
23165074
76341250
43157062
65240317
40672351
25617340
72610534
52037614
31752604
35746102
46513207
26074315
31702645
43510627
71402653
36540172
30476251
42065317
43602157
52160374
01563274
41076253
15430267
04173652
32546107
75346102
12463570
36714052
23154706
02347156
71462350
21506374
60435217
61034572
03172465
21674350
26345071
31705264
05614237
72046351
60237514
52146073
31206574
26045371
06172543
34276150
32541607
24316570
60145723
20476351
21736054
02153674
72306541
03524671
63047215
03675142
43107625
36041527
72450361
31560427
46573201
70315264
07143265
20514367
31642705
32057614
20365174
31724650
23106457
02367514
20417365
72516304
32604571
70346251
13542076
35046127
35401267
63102547
26430517
56423017
40632571
05612743
73462510
34570261
24513670
32106547
23610754
25140367
71402365
21540376
21475603
16732045
30547621
21054367
67143052
47603215
40517362
26347501
36714502
01473625
36107425
40532167
46570321
25147360
45612703
23104657
53146207
21736405
23047651
31476502
35412067
06341257
25176043
20643517
47302615
15640273
65103724
43516207
03421567
56123704
14230657
64703152
42170635
61403752
71042653
36205147
40376251
34750162
23465170
41027365
72541360
26517340
04312657
21406357
35162704
41063257
56312074
50316274
21735604
37140625
72150364
63541027
31745602
14370652
76512304
35012647
36710542
73146205
20645371
04153627
20537614
43207615
21504637
01632547
04672135
21406375
06437215
51643207
23046517
61402357
42173065
73426510
71043265
16540273
53612740
23156074
41572306
20546317
45603172
62310574
26530174
23176504
31456720
42076531
76120354
43652107
46312705
31067245
36412057
76143520
34571602
20613457
36102547
60472153
23016457
16403257
35471602
61032754
23170645
15463270
24105367
21540367
26310574
70643215
31426507
25437160
41602357
43156702
21537604
31476250
35702146
76134025
30612754
20613574
71543620
60457213
32140765
62170354
23475106
31046257
61342507
30452617
16470253
15472630
43016752
23570641
71062354
25174306
73401265
61047235
76143052
23457061
65072143
25043167
62014537
40563127
43752601
72403651
76105324
24356017
50643712
62135047
36401572
05642173
67312504
47052361
43051672
10643527
26014573
35602417
75630214
43127650
24053167
46503271
35760214
31425067
16032475
41653207
40613257
21453067
23517460
10473526
20376451
73540126
21756340
04516237
34675210
63142705
63720541
47126350
02316457
62310457
14530267
53072164
31507246
31052647
45672301
53607214
32547061
14052367
63547210
14562307
41036257
25146703
45306217
61430572
73541206
32647150
23045716
04216357
36041572
05473216
61702543
03746512
42103765
50426137
01475263
53162074
37642015
36052714
36521074
31570246
30176245
63402157
73542601
64123507
75326014
20347516
71542630
43075261
42073165
05432167
31756240
73510264
70342156
64317250
40672513
36074512
70142365
21736540
72643051
72340651
43172065
26130457
03156274
72304651
31042576
73456102
36502714
70316254
37542106
41273065
23017645
43102567
26145730
02615374
42153670
36017524
61740253
23014756
40512673
26314507
34670152
26317405
31576042
23145670
20473516
06347152
36014572
26743051
46753021
24507361
31076524
70326514
71042365
14350267
72513064
61453270
73516042
62431507
01642573
35602174
01673542
71032654
06543712
02153764
36124750
34650217
35076124
36541702
45376012
16043257
73402516
01736542
30754612
46123057
24376105
46501327
26315047
12476053
23547601
43072651
41702365
72613054
54372610
23416570
31756204
21465307
60173452
43152607
71432605
61430257
76012354
73145260
13524670
07246315
26047315
43072165
16472035
16403572
21073654
71532604
36540217
45612037
20471635
31546072
34652107
06432571
36012754
60247513
30512674
12543076
21574603
53470162
10673542
06243571
21037654
73062541
45362017
60274315
43706215
03654271
23104675
12753064
53647012
25374610
02756134
06372415
13462057
52610374
06513724
15043672
75612034
63421057
30471265
42165370
15302467
12547036
40173265
62130457
26354071
65372041
16732450
43162507
26357140
62375041
14526037
24701365
76342501
73042561
25341706
23405167
36012745
53642701
61452370
04732165
26541037
13042567
10732564
72043165
62047135
03542671
30472165
10532467
34526107
34652170
01432657
63124057
01362574
13542607
20314765
72640135
23145706
62473510
01463572
63471502
60473512
21034657
45213067
03427615
26074135
21706354
21705643
41053267
20541367
23741065
62403517
51043267
16753042
63420157
61703542
31042657
35106742
60471253
12430657
03452761
65132740
41673205
14532670
26314570
06153724
35160274
76042135
73104625
36024571
73126054
31706245
43125076
34052617
73106524
01546237
02136457
06541327
35406127
41073265
63472051
10473256
13526074
53012764
26045137
05413267
25436107
16427350
42157036
10234657
56472310
12463057
62470135
63504271
54102367
06532174
61047325
16437025
65403712
34610257
73604215
31205674
24076351
01467253
67340215
24610573
21736450
12547603
25316740
31457062
30527614
40637251
01742365
03176245
23105647
14376502
62315074
73052164
26375140
41653027
50473162
20146573
60345217
30451267
42360517
65403172
32174065
10427365
30614275
36075214
63521074
14523670
21473506
01452637
60173245
51703642
26374015
36105742
16532407
30617254
31506724
65432701
61073542
67012543
62310547
35062741
23407651
63417250
25360174
03547612
36427501
06153427
34127065
54103267
35672410
61403572
61543270
04153672
50426317
61374205
06243517
43150627
61703245
23501674
73246510
36150472
73410652
73104652
34671052
35672104
41753062
36124570
02146735
70146253
23057164
42670315
76430251
12507364
60514273
71526034
73452160
30452761
43012765
25470163
73642105
26730541
36127504
10546372
03527614
43657201
03146752
50246137
32460517
53072614
56473210
25603174
14073256
03642715
36245107
72015364
24517360
20531674
61053247
32154670
51702643
20357641
62043517
17603254
21305674
46107235
31042765
32174605
26174053
26431570
36475102
60472135
73541062
72341650
25316407
24306517
21405637
56342170
32174560
02645317
26341750
61402753
51430672
14703265
63142570
35672140
16473205
64102537
36742051
71426035
46530271
31247065
41503276
26347051
73652104
73452601
30572146
16043527
03674215
64025317
20174653
42150637
34572016
53140762
46310275
15647203
14723605
46132507
21450376
71643025
21435670
01437652
61730542
42716350
46023517
02431657
43610257
46713502
15072634
46375210
15432067
01436752
60412537
14653027
36527041
01523764
43562017
10534672
32405617
25630174
51732604
76103425
31657024
37046512
26345170
73405612
30674512
36154270
21506734
64703251
43170526
37645102
70516342
36710254
31425670
24370156
61540723
30145267
61523074
31742056
02376541
36704215
25613074
30564217
61042537
06743215
10326547
03412657
21504673
13470652
25641370
62140735
03527641
32674150
40156237
63174520
43571260
70314652
16732405
76043512
76142530
34526170
31056247
23046571
46130572
70312465
35247601
23106745
21403756
57302614
36120457
17043562
63475102
15743620
71352640
21347056
70216534
31706524
45106237
64530217
64531027
71506324
06147325
65142073
24376015
24706153
20143675
35170642
20153647
50643172
24307165
04532671
31026475
60142753
06142753
01534267
35146702
20347615
16703254
41520637
31602574
62147503
03521674
21457603
42376015
30726154
03175264
41573260
43276105
15473260
53147260
14573620
65423017
41532067
14502673
32541670
25341076
37650214
31407652
64123057
10563274
05637214
20374615
16372450
65432710
43516720
23140675
43172650
40153267
23065174
31456027
06153742
02437165
64130572
72546031
31460752
31725640
62314570
21437065
30512467
10542367
06431257
13546207
73045261
63152074
56143702
12347605
60217354
63170425
53046712
13674250
03457261
31570426
21046573
56432017
03162574
05743612
04163257
41523067
14052637
04613572
71652304
04326157
46312750
76104325
14536072
05634217
43052671
06173542
20547361
45163027
50642371
03541672
42037651
42673150
60712354
30426571
43572061
43570261
61530724
02536174
61547230
46023571
56103247
03214567
62074351
46370251
03674251
73504261
36071542
23056147
64702513
24150367
36154702
62407153
12546307
45612307
46153270
23016574
30246157
76123054
60542713
21036547
36207541
03726514
43510762
31256704
23754160
46352071
71546032
06172345
43126075
36124057
62130754
30152764
71452063
16430257
63152047
35472016
37512064
62541073
46012537
01647352
14602357
04213657
62403571
42703615
01532674
36145702
52147036
60142537
63012547
05413672
21543760
63402715
03475126
24307651
10472356
21057643
03147625
01432765
43107265
30415672
46170352
35620174
72416350
25473106
53412607
42603715
42571360
30516427
01753642
76402513
24305617
21456037
27643015
61472053
04352617
24056173
63247105
13672504
35612074
26740513
01473256
56302714
34021657
61730245
30471652
27341650
32617450
73142650
02145376
21037645
30412657
05673241
62407531
64012537
31054276
26104573
02476135
32147506
10726345
23476105
63412507
15463027
76210354
36140572
42036571
13426570
25607341
73046521
02357614
46052137
05421367
31450726
61537024
42137650
15023674
63427015
23015647
20614573
63472105
01453672
03457612
56432071
14563207
73046215
10753642
56013274
35610274
61045372
03612547
16032574
01457263
65140732
14570362
60314572
30672514
64172503
41523670
52140673
60132547
01453267
63025714
64073125
30576412
40317625
35247106
31746205
73642501
26310457
20647513
21403576
20513764
24356071
40673251
63427051
63702541
13762504
40312675
32064571
61542037
20417635
03714652
63124507
30746152
23714506
30176524
21730645
71452360
16420357
73541602
62174305
31720546
26357014
07426315
10236547
76213054
60374251
50412673
45360217
36470251
61304257
40653127
34702651
27516034
32610457
12530674
46753210
02543671
21034675
43506271
62430157
20315764
30214657
15432670
71426305
76140253
72456310
13427650
76342150
30157624
35062714
04256317
65012743
71246350
35012746
73645102
10572463
03625174
32401657
04532167
32074615
53146702
20756134
41570632
34072615
21063574
73204615
16043752
60543271
73452061
45326017
14570263
65041273
31476520
70543162
46371205
13567204
26437015
74312065
01543627
25631074
63425017
36407512
02475613
35047216
62507341
26435107
43120576
30421567
62150374
47132605
27301654
61052374
25376401
16053724
62345170
21307645
02154367
36510472
46302157
27346105
30572461
36512704
07543126
32647015
30614725
24016357
37452160
31027645
62157304
46317025
61534027
63120574
73645201
13504267
03146527
16407253
31675042
27406351
23645701
62304517
31204657
36452710
26170345
74310652
23407561
62413057
61723504
23507614
27513064
27106354
03726145
63045217
25746130
42163507
43157620
73526041
36172405
70426315
74352610
04372615
36215740
03142765
23571064
41503672
35126470
42613507
20435167
32517640
24730165
06142573
61203547
31452706
45362107
14570623
04532617
31072645
21754360
61402573
03125674
13647250
62407315
35142670
36012475
32517064
34702165
12473605
76243015
31426570
21503764
26541703
17532604
43627510
35476210
20456173
32604715
34672015
31674205
03426571
37640512
72345061
42756310
70146352
50647213
62704315
62403157
30125764
76430215
35470216
36754021
24510367
23016547
61547203
50641327
04732651
76453201
21640357
23465710
15423607
20147635
74012365
50642713
41532607
46713052
42103576
32605714
24576130
60317254
36542071
20347561
07352641
63172504
03724615
32170645
24615037
20435671
01647235
32607514
03462517
35102764
34760152
63152704
40276531
71542063
43270615
72436150
34062175
73026541
03712654
23157064
20473156
16532704
31640275
53427610
63015274
06217354
72143560
30246517
06142357
04371652
61403725
20354167
31726054
64510237
32614507
25146730
31754620
73642015
43512607
30625714
64032571
76140325
76345210
43170652
76053241
36017245
36541072
60172345
73642150
46152703
23540716
62347501
72645310
32157640
02471356
16547203
60471352
03754261
60542137
71423605
06425317
01473526
13540627
35427160
35671240
65123704
35216074
73540261
36170425
01423675
43170625
65312740
63214507
51432607
15042367
05146273
70642135
61472035
35042617
60541372
36517420
31402576
23145607
23105764
21430765
36471025
26354017
35014672
42317605
61245037
02473156
31546207
26304715
43152760
30172465
35471026
21605374
42053167
34701652
23457610
72143605
15023467
31572406
40352671
23750164
23150674
36502417
75432106
15034267
73142056
26417530
31524607
03657214
35714602
70412635
35706124
06174352
36012574
35026714
01746253
45610273
20534617
70324615
46137025
12347065
20476153
16243057
30751642
74216350
25136047
36172054
26314705
36175204
25430617
76312504
36015247
71302654
07642135
36072514
36152740
31542076
50326174
34012567
01742653
21603547
03562174
53014267
73145620
23456107
34721650
65041372
02614537
36741250
10632574
70642531
16374250
72431650
20416357
23460517
04162357
06472351
31274065
26537104
76014253
07153264
03427651
30472615
53672041
36470152
31657204
31462570
63475210
57142306
15743062
63517240
41052376
60541237
02516374
36042157
31072465
36150274
73016524
02417365
07243615
30126547
61025374
25643017
46320571
21073546
35146027
61032457
02147365
65470312
30571264
21547036
15740263
23540167
60134572
03526174
40652317
46502371
10743562
10573264
23047156
70243651
61023574
32145067
67140352
42370615
36245701
02163574
23406517
26403517
34601257
46052731
03142576
32074165
60174352
40516372
50632714
62743510
21036754
61534270
21507346
23164705
63427510
46513072
25476013
02143576
61452037
03174256
46730215
23017654
03126574
40512367
71543602
42017365
53147620
12574360
21547360
56043217
64021357
46150372
21567304
20345617
43107652
53174260
16432750
31076245
52017364
03176542
02635714
65470213
42531067
01547263
34572160
76103245
30175246
41073625
03154267
34701265
46213705
06513427
73406215
26304517
16534270
63247015
15742603
46517302
35206714
21046375
35042176
46517320
61743205
23546071
21537640
63124750
21543067
63174250
24513607
42510367
35642071
72045631
63057214
30547162
42317065
73645210
35217640
06734215
23051674
62743501
61432075
02547316
34502617
36572410
20476135
21076543
26405713
23451670
02315764
76543201
65132047
24370651
32614057
21745360
23106574
76503214
36170542
41572603
71534260
06174253
36127540
47312650
12340657
70532164
60453217
34052176
32406157
36475012
23704615
05632174
53142076
63710254
43125670
01372465
37016254
74052361
03147265
72031654
36427051
74312650
02456317
76453210
21546307
34706152
40276315
30647512
72643150
71403652
45016372
40176325
16307254
46175302
31472506
70316524
70541362
21573064
31426075
23564107
24017635
14306257
26475013
25471360
63472501
61347205
21470653
23541076
27546301
34756102
32645701
06345217
46273510
53120764
10542376
05364217
26475301
76140235
32175046
02345716
04316572
41702653
37502164
45613702
60541273
71402356
60742513
36421057
10437265
64170352
62517034
64372015
40172653
23541607
43052167
36072541
02431567
63472150
30642571
36042571
24051367
25031674
63012574
35120674
42513067
42053671
03527164
36152704
06473251
41570263
35470261
20536417
06537241
20176345
04126357
47152360
46507321
70513624
65372140
40512637
26347510
72046135
53647201
30127645
31046572
61243075
35647012
26043715
20157346
53046217
26437501
74103625
62015734
14520637
50123674
35670241
56130724
72346015
26345017
25406731
14072635
65123074
37146502
24063517
42106573
16473520
25647310
27304651
46013257
14023675
23714560
31407265
65142730
70452361
36752401
20637154
36401752
21307654
52316704
02716354
30546712
03642751
16534072
36405721
24365017
16450372
23015674
46210357
62471035
43105267
24071653
34206517
31274650
40216537
20736154
02451367
21406537
21703654
21547603
03167254
10364257
63047512
30527164
31246705
21534670
40625317
65130742
31452607
10632547
10523674
01426375
67340512
42357061
10523647
65713042
43572016
21473560
72056314
73012654
26430571
40273651
53712064
16437250
73426015
34572106
06327154
40732165
31504627
27346051
45013267
43520167
21076534
65103274
20543167
63427150
20314657
21436705
60234517
53062174
60412357
73126540
32047651
24071365
36047521
42103675
27310654
71036542
34501672
36541027
36140527
25047361
65123740
25640137
10546273
31276540
73042516
42576130
26703541
43752610
63421570
62074315
21043657
20371645
70642513
46150327
61024357
25401637
65043127
36714250
13542706
01542376
32174650
62514307
32476105
62315740
72354610
23417605
05126374
72136054
43506172
70246351
50346172
46123570
31056724
60472513
26145370
26301754
51473026
34271605
21470356
47612305
03172645
72156304
35214670
12374650
46350217
34126507
32147065
36450217
63154270
30716542
61527304
05432617
40617235
25031647
23605714
30645217
56143207
56103274
65012734
61042573
14326057
36215074
10623547
36407251
36421507
20367514
40176235
41573602
15304267
21376540
32674501
62430517
65142370
05613274
46102537
32451067
03645217
32457610
60312457
10437625
36105247
46372015
20354617
63712054
26713054
25407361
36174250
36172045
16472503
01537264
52340716
06435712
36517204
04326517
40372651
32504167
05643172
30475126
40376215
35072461
63207514
31054267
46510327
67120354
32617504
34106572
01752643
14653270
02164357
43051267
26347105
13504627
43217650
21753064
34071265
70246135
73516024
56032174
05643127
60174235
06517324
23405617
35012674
30645172
65143207
63210754
23647015
63742510
26407135
03542176
76034215
30216574
50143627
36570241
72043651
32647510
46132057
40367215
73420516
73405216
27430165
40173652
62713540
60432517
05463127
01532647
32145706
36402517
37012654
62507134
73106542
02346571
36107254
24376150
41052673
23640715
31054672
01653724
01364257
72043615
06473125
30574126
16237054
65132074
31650427
32607451
13526704
73612504
23754610
46753201
61473502
21576034
04152673
43170256
63512074
35164207
25647301
21635047
61205374
12453067
70542163
43067215
15407263
30652714
10427653
31546270
40152367
45362170
34056127
67543012
76302514
62370541
26413570
35140672
23417065
20563174
74036152
35246170
62743051
43506127
23546107
20316754
15406372
36417250
56403712
43072516
71453620
41752306
31276504
03154627
36205714
35126740
25136704
03524617
21654307
42167305
30147652
23104765
26307514
03462157
31467205
23541067
40532617
73512604
14253607
65430217
01542367
10436527
06342517
23506714
13502674
21056374
46053217
63512704
63540127
31572046
67143205
34172650
03145762
26540137
31702564
25143076
72406351
61503724
62045713
63425071
10546237
24307615
23467510
06541372
61503247
20134657
23154670
43127065
23401657
16472305
40175326
43762501
31520746
46703251
03462571
31025674
04362157
73612540
21746035
23546701
10473265
60517324
30645712
04237615
02156347
63125074
35470612
24037651
61540372
61437025
56043172
60543127
64032517
21435076
10236574
43570216
15726304
36412507
67312054
30157642
46702531
61573204
15307264
24356107
53102647
72013654
40523167
36501724
36517240
07143652
01543672
12503674
51342067
20436175
60437251
04672351
35026174
10543726
61524370
40517326
64732501
43670215
73024651
32640517
64531270
54023167
62174053
42706351
23574601
43672105
24036571
75342601
26147530
02746315
43517602
23704651
35462107
65032714
62301574
34126057
40126357
15672043
27143605
50637214
04613257
61472530
15032674
23576041
43602517
42157360
21470635
41706352
23014675
03247165
15406327
75362014
70432651
65143072
60473152
56103724
25076143
06312754
30542617
32716504
23657104
02453167
23654107
63170245
23156740
65142703
20365147
63175042
62740351
16540237
61042357
36245017
40752163
63127540
52106374
51026374
30675142
24563107
02146753
61037254
60532147
25463017
26013754
30174625
62174035
62504137
02643517
26043571
45213607
63542071
45013672
26345701
04132657
01573264
20615374
24350617
20317465
50643217
21360574
10536724
16073254
43752160
73052641
61053274
20346715
20346157
62104357
46517230
72346510
62153074
23016754
26103574
60142375
14732650
36715402
61502347
21360547
13064257
62154307
23541760
02376514
61742503
71453206
73162504
23614507
35420617
10437652
43712650
62140753
06421357
25143760
73542016
36471052
46307215
42357610
53604217
46513270
03126547
32610754
41350267
23157460
03574126
10642735
06135274
04572316
01426573
43206571
01562374
23174605
43750612
32670415
31654027
30426175
60432157
04352671
03417652
65042713
25316074
20315674
12037654
32670451
71346205
30174265
21053674
34026517
34712605
14023657
63540172
73145026
23501467
56470213
37542061
30457612
16302574
46102357
35421067
23074561
74032165
32450167
30745612
46315072
16470523
03647251
21457360
10354267
30547126
32751064
40631257
36175042
12534607
06732154
37645120
73412650
26130547
62157340
61504273
40526371
53470612
76013254
42301657
71436520
52310674
76132045
61473052
41650237
72035614
26371450
02345167
63712540
32564017
24501673
30527641
23076415
37051264
41302657
65342107
07613254
23760541
23105746
07346251
43106752
21347650
16423570
26307541
43615207
21543607
53042617
31504267
46012357
21057634
36720514
41503267
61347250
70143625
61420573
26105743
24170653
76435210
60143752
03456172
20154367
31027654
63457201
34721605
31705246
31274605
71503624
25431670
21453076
60132754
26173045
32617054
31704256
20147365
34075126
20534167
21074365
01456372
14673205
61753240
60541327
14372605
30461257
36054217
01627354
24576301
25460137
42156370
03146257
06473215
23470651
30615724
76042531
26107534
62170435
67032154
71403625
75432160
25643071
26153704
65423107
23405176
64037251
40372156
32140657
41057263
23641507
26473051
43172506
76301254
73140256
76342510
05643721
35104672
61420357
21063547
12534067
16732054
21054376
65347210
07642315
72345610
23154760
36472015
16037254
26730514
02546173
16042573
36174025
36420715
16530247
43712506
10462573
31270546
25340761
43216570
03547162
70643251
36712054
52147360
10475263
23174065
51430267
07643251
31045672
40513267
43075216
73120645
14576302
10423675
06327541
30617245
76402135
36405172
53042167
70513264
43172605
16437205
14572603
52340167
37502641
40176253
63712504
52346017
03472165
20635714
15473206
32047516
43012657
63147502
23614705
31602754
15732640
43017652
36425170
73540612
03451267
20165374
14652307
05463217
40726315
63217504
65742103
41573620
36125740
63472510
61743025
41563270
31752640
13654207
31704652
36201547
25641073
06531274
46173520
04372156
63514072
02541376
03512647
37512604
40372615
62137540
20167354
36405712
12347650
30526174
40572316
15703624
06153274
24076135
23156047
30475612
61742530
03126457
40316257
53610274
46153072
06247315
61207354
51036274
31645270
35641270
34162507
35042716
40176352
20356417
46312570
27340615
76142305
20431657
32470516
62107543
03421657
40156372
53012647
63052714
21436507
10537264
74302165
05143276
04513672
20457136
23516470
31750462
31740625
27510364
17432650
24376051
36142570
42016537
03647521
26174305
50142367
42376510
61042375
26514037
13206547
26357104
01632754
51432670
21754603
31547602
34120657
73614250
36405127
23170546
15647320
10476325
23615074
20341657
46173502
31520467
76032541
06513247
76305214
30425167
04173625
23740516
73246105
03472651
46172035
45370612
62304571
63107542
64310257
01423576
10532674
16304257
56432170
41732650
21743056
51743260
63542107
41573026
65347201
42507361
46130257
71430265
23574160
07152364
21406573
36012457
14732065
01437256
25347601
53172604
42316570
24175306
23645710
42756301
01452376
35402671
50432167
30647251
63425107
42365017
62107354
21750346
46372105
42316507
43702651
10673425
72516034
06471253
26301457
32674051
36520174
64732510
24063157
07542316
26047531
72430165
67532014
36405217
25643107
73016542
61537240
03742516
21753604
41276305
74012635
65430271
35012764
65042137
01642753
04312576
30654217
36740215
23106547
03416572
36401527
50136274
63102574
45106273
72610354
23605741
30241657
31420675
04612573
43651207
26475103
03752614
62374015
35614207
25306741
06543217
32046517
35612740
20376541
20357164
02137654
42160357
42537601
20416537
23751604
31526704
06453217
03712546
30247561
23470516
30217564
23516704
15473602
76513024
01476253
03476125
32406517
64203157
72346150
32615074
15032647
50473612
25410673
25641037
20451367
23670415
35164027
14326507
20746135
46512073
40236517
01234657
73152640
23701645
23547016
23604571
12546037
73540621
25036174
31604275
60172354
70632541
10743265
24573106
32046571
72316540
34562107
01472356
64210357
30647125
60345712
16052743
31506274
27314650
72103654
40162357
62317504
63154027
05342167
16072543
61074352
04653217
13574260
61072345
61732540
43652170
02546371
71642350
06543271
45163207
24107635
42013657
37045162
06513274
01524637
31470625
62514370
23645017
15063274
36410725
26014537
14532067
72340615
21503647
21467350
60152347
34150672
10472365
35407126
23654017
65102734
46372051
50436172
70152364
34710652
23176540
23147065
76345201
23156407
12043675
25340617
36457201
46172053
21543076
31502647
63740251
03715642
23714056
60432571
10543672
23510467
10423765
32607154
16342507
23504671
76432015
43572610
54632107
13546072
60345271
72163054
35427106
03542716
23405761
73562104
40276351
23154076
60247351
36041257
35762140
24351067
20374651
36107524
10723645
25017364
63147025
72546301
23167540
23615047
36470215
03124765
36072451
23167504
67140235
63102457
21563704
23510764
21503674
27315064
56437210
61032547
63157024
45603271
16402573
43576012
32567014
21657340
16430725
16372540
12573064
71023645
35476102
45603217
24150673
41026357
24375610
71036254
63420715
03514267
24316507
31520764
53126704
76013245
21046537
21436750
23705146
35610247
43172056
60734215
35602741
05316274
46703215
41576302
60312547
42105376
63045712
15072643
43176052
34026175
50143267
23461057
52316074
02347516
63457210
42516307
02471653
31576402
40712365
46513027
24536170
21536407
50413267
15463207
16503427
02173645
31456207
13674205
35047162
34127605
36025147
36124507
25431067
36425107
65473012
31460257
21674035
65104273
60372415
34270156
76413205
42150376
72046513
63172054
21743065
27345610
30426157
06145723
42653107
12537640
70346512
46713205
56342710
03617254
73642510
21736504
36054271
70543126
46175320
02645371
43062517
30741562
35146072
24153067
16372054
35217064
13542067
20513467
16302457
65132704
74512360
73150264
31427605
35047261
06173425
35641027
34176025
27145360
67342015
43710265
25436017
25613704
35642170
06152743
73150624
46502137
02354167
34520617
23460571
26130745
51073264
03745162
07216354
42375016
01743265
71453602
06743152
70236514
24571603
52643107
32540167
31406527
06123457
56134270
41203657
64037215
03547261
23014765
60475312
76312045
35642107
21046753
06542173
05426137
43572160
64071352
46372501
56140327
71540362
30642517
34216057
37120654
15043726
06427135
71352064
61054327
43650217
14036257
24076153
21357640
35426071
63047251
36147250
26341057
05327614
70642351
31057642
20154637
20156374
35246107
26715304
17032654
23174506
37652014
36410257
56430712
60325147
52470316
36072415
03425716
60143257
06453127
46531207
36145027
32476510
23754601
62347051
21304657
65430172
32650417
46375201
20643571
25473160
31502467
30421657
46312507
73426105
61702534
32045167
24531607
01546273
62315704
64270315
76032514
35701624
52406137
63125704
26307451
23745016
63402517
64370215
20376415
35617204
15342670
10752643
27043615
15046273
06132457
62510734
36145720
51473260
36125704
63012754
03542761
20435176
40752361
60127354
21576340
34627105
41752036
75142360
62103574
16472350
31756402
51043672
30652417
30546172
23504617
23057641
02174365
62547130
25601374
42073651
02435617
03472516
24530167
31625047
76153204
31645207
62407351
43712056
46310257
63024517
26304571
72106534
76310254
23407165
73402561
32174056
25346017
70456312
63012457
03425167
70342561
42357601
34762105
02374651
03146725
72104356
05324617
24310657
21467035
40712653
31726405
42106357
25014367
02316754
16504372
37102654
23470165
62073514
32105674
05476312
31547206
43725610
62013574
72543160
01436257
63120547
46103725
31470265
73420615
21064357
63174052
46172350
30476152
76142503
05326174
10643257
53026147
05741263
04371265
56430217
26374501
23410576
36705142
06132547
63120754
06547213
51046273
24657301
35627014
42503617
07432165
52047631
65140723
01572643
30417652
30152467
36507421
70143265
15072463
15742306
23465071
40672531
01425376
71420356
34275610
40317256
16203547
20351674
26130574
63147052
24716350
14572306
52346071
26034751
60425317
40357261
30542176
17642053
43702615
15403267
35026417
35042167
24510673
01236547
26531704
34610572
42503671
15637204
15026374
31240765
02136574
21453760
61027345
37052164
06413257
03125764
21547063
10362574
04217365
63014257
34572601
21703546
73502614
72546310
43672510
31075246
60472351
73652140
62017354
71453062
21457630
46750213
42510637
31725064
26401357
62517304
31740652
76153240
34602157
75643201
23740615
71640235
76432051
26457310
31257640
46510237
24536107
41723650
25436170
25647031
40317265
30726541
23715406
62345701
65042173
63407251
61572304
53142670
16473052
64073251
43571602
35702461
20675341
07314652
31056274
43067251
45372610
31046527
26130754
31026574
46170532
21730654
15206374
40316752
35407621
76130245
62140573
75102364
23071645
53640712
26471503
70653214
14563270
26713540
03517624
31420756
64032157
46512703
02146357
15643027
71450263
73614205
63154207
43102675
31704625
35670214
30752614
45612370
72016354
10452673
03425617
10452367
37652140
02374615
32170465
21463057
26137405
56042173
21643705
07146352
63471052
01436572
35017264
63102754
60743251
06312547
02613457
25416037
06713254
24013657
10672543
10476253
06542713
12306457
03247615
13470265
62510437
61472503
21574360
45172360
71043625
03214657
36472150
42513607
75643210
46352017
34751062
64053127
01726354
35640127
70123645
36542170
03672541
63420571
17053264
43120657
41653270
64532170
75403162
37602145
32716540
40237615
07352164
32654107
60143725
46512307
65102374
14032675
25736140
43607215
32054617
21570634
32460157
36157240
37402651
43012675
30657241
64102573
16407352
71436502
50342617
06124537
43702156
14072356
47352610
07532164
60147235
71426350
56423107
41650273
26103754
31246570
23614075
24317650
24531067
32647051
30462517
53102674
53402617
61543702
03652417
16543072
45673210
71053264
02147635
01536724
20514637
34520176
71450362
04736152
21536047
60137254
02354671
32067154
13504672
06534217
34520167
20453617
41753260
64031257
34125607
23075614
14026357
35460172
35420176
36127450
36104752
36027145
21540637
76102534
34617250
23501647
23674510
15043627
36047251
20731645
36427150
25043716
61302754
54372601
64372150
71563204
16052734
01527634
26057134
31642750
75346012
36150724
31457026
02514637
03724651
23054716
04236157
23610574
23045761
73410265
43012567
51423670
26715043
31547026
05612374
41032657
73142065
60153247
26435170
21407365
20317654
45613270
60247531
16532074
42015376
26435017
24637105
20314576
31567024
50342671
75340612
36175024
26170543
05143672
02354617
35124670
35471260
30526417
31647025
05642317
40516237
34176052
02143756
14352607
16540372
24673105
36147025
13540267
61435072
46017253
36045217
36142075
10546723
61043275
72306154
46017235
10742563
31407256
16302547
62134507
37026145
06213574
14053672
43512067
42175630
23614570
71540263
26314750
71206354
71653024
64352017
34102657
26305714
21345067
50146372
71203645
30547261
75612340
53104267
32465017
60123457
36017542
73520164
03625147
12304657
41763250
26173540
35027164
05436172
41530672
34052167
13067254
63074512
27350614
42576301
13642570
21743506
31064275
73421650
26014357
47352601
43516072
31547620
23607514
65432071
60315274
61470325
41372056
21067354
65213074
17543026
61342570
72145036
27146350
64072513
63127054
21643750
71052643
72106354
10572643
02516734
41703625
26401573
36457012
26341507
36027514
36157042
62130547
16023754
50146273
36047512
34027615
30427165
63142057
16423057
56140372
43175260
20637541
06154273
60145372
21507364
03476512
13642507
53147602
04172653
25016734
21403675
43156027
02473165
63140257
26350741
64531207
14730652
35406217
35102467
62473501
45670213
72346051
03564217
27340516
53170642
42056137
24530671
65102743
24073615
70342615
35742106
72350614
40362157
54013267
35462701
36127405
20475613
06347215
70431652
74613250
36142507
15632047
31647205
06314572
45172036
23175064
37640251
36174520
30147265
02475316
20137654
27150364
31604257
40521367
73402165
02167354
21760345
53426107
13502467
12540367
06145372
65014327
43710652
31425076
70342651
16234057
50423167
01326547
23514760
07126354
35167240
64072351
02465317
31526047
36150247
05473162
35742016
73052614
23156704
36750214
73425601
40576132
26410573
23147506
03654127
13462507
61427350
35604172
63104572
06143572
32640715
62431570
31520647
46312075
35640217
36504721
53642017
25346071
46173025
20473165
36142057
31540672
67143250
63042571
10452637
06315274
71032645
31476052
34671025
23065147
02643751
45316072
03514672
20153674
64013257
37156024
23160574
21437605
64173520
32601457
26374105
03542617
46370215
05673214
16240357
35472160
71026354
03145267
42603517
40612537
32514067
02647135
40315267
43207651
30716254
71230654
65432017
52047316
17302654
43716502
26137540
64307215
37652104
26541307
73105264
41502637
42176053
63402571
01674235
02647315
65423710
20541376
62450137
15472603
43625017
62317540
35674021
42317650
07146235
30751264
35641072
35476012
30472651
76402315
03612457
23147056
62173405
37042651
30472516
31742506
12460357
21547306
35106724
26541073
23610457
20634517
36457210
21043765
61507324
72406153
04632571
21457306
07362514
63245017
13042657
23176405
43125607
30514672
34650172
42350617
13476502
76543021
67513204
76503241
02176543
42576310
03574216
36152074
32041657
35014267
40316572
53104672
36475210
35612470
65420317
43160257
43702561
02541673
27130654
31756024
43521670
06174325
21056734
21745306
10637245
46120357
24306157
73412065
26037154
75642301
26043517
50634217
25314670
34726105
43752061
23047516
47016352
10573642
03524167
34026157
46172305
43501672
37142605
03124576
30721645
72510634
13452607
56143072
64137205
20156347
05124367
23647105
43156207
40163257
71642305
13602547
34207651
13542670
15746302
45610237
10543627
02176345
70124365
42107365
60213457
46752130
60143572
60412573
42063571
30546127
25143706
15472063
53742160
20453167
16743250
61530274
63475012
06134275
32150764
24301657
20143576
34752106
36057241
36725140
10543267
43521067
60214357
73154602
32716054
65342701
73514602
01463257
73402156
31026547
70314265
46302751
61704253
20314675
71203654
24310675
25473016
30126754
30146752
64023157
07142653
36157024
62540137
32176504
72510364
61427035
26354107
63140572
73514260
15723604
23475610
35647210
62104573
60347512
21734650
23051764
41062357
62013547
23467051
62437015
25604371
35206147
35062147
31742605
01572463
13052674
42617053
26017354
23750614
06742153
67310254
73640215
45602371
34172605
34201657
02543176
46137250
03615724
36017254
20147653
31047652
36172540
63025147
23406571
23516047
53612074
15430672
43516270
32170654
61732045
63142750
41503627
12047356
03641527
43156270
34506127
40236157
62457310
16302754
70546132
73146502
23047561
16502734
35672401
20746315
61073425
23601574
02137645
42516370
43620517
46372510
03572164
73014265
25304617
06543721
73160254
43127605
42053617
16342057
65213704
36412705
62407513
43015267
73546012
24570361
32471650
23467150
24071356
01456327
06472513
26315074
01543726
64172350
70143652
61732504
63150247
10437256
06124573
62347150
23051647
41523607
76423501
46305217
60327514
01476235
36014275
43715602
72105364
16374205
64702153
23640517
35640721
21630547
01723654
71540326
56420317
42706315
60372514
36104725
31542607
36071245
53142760
63702514
34172065
40613275
56473012
41076352
60732145
31052764
16742053
70312654
06541273
34501267
36401257
34072651
40652137
02476315
41503726
26073541
26317045
26517034
61720345
14063257
15470326
51423067
63240715
31726504
46713520
52130674
72346501
40326517
43157206
61547320
54372160
72406315
70542316
05132647
27136054
31045267
23471605
23504167
23457106
01653427
13602574
02514367
40312765
60537241
36472051
43106257
23675014
31064257
60147253
70543621
23547106
52436017
30426517
27104365
15046237
62147350
40256137
03574261
43176520
35742160
63074215
01573642
31467025
63541702
31062547
35462170
35164270
23176045
62345017
21056743
21570643
71532640
31650724
46125073
12530764
36057214
70632514
73246051
46103752
41726305
26031754
35402167
03572641
50342167
73146052
65302147
72543061
51473206
14703652
60517234
70132654
43015672
61302547
13052467
63140752
23175604
51042673
62517340
23710546
31567240
72304615
32470165
63510427
10472653
72546103
46573021
21457036
15043276
71046352
76432510
25316047
64203517
10476352
23765104
12453670
76153024
01473652
23517064
43016257
60347215
65403127
30627541
41672350
21457063
61537204
36120754
73126504
21735640
02174635
32146507
43521607
24135670
35742601
26347015
60342517
27345601
32645710
31507264
23107654
40513672
70216354
01426357
36107245
03624517
23604517
56243017
53012674
73406512
06514273
14732605
20154673
31762504
23170465
63472015
36451072
41273650
73156042
16473502
62143570
52043167
05123647
26743501
60435712
02135674
62340751
32147560
15032467
71052346
03625714
01743562
20173465
24360517
02647351
31574026
63450172
13054267
41052367
63514207
62137504
31406725
23064517
25610734
43176205
26105734
50243167
41526073
37142065
30562174
24357610
24136507
42051367
61502743
53147206
35014627
27346150
30417625
04153267
67043251
40612357
34512607
73120546
24756130
36450712
27316054
34062157
16532740
36207514
06173254
41706235
25046731
37542160
14723065
35406712
65043172
03647512
30512764
01452367
06431572
76342105
35672041
35726140
23041657
32617540
61504237
70345216
04632157
26437150
23175460
23706541
63214057
26431057
62137054
36025714
34702516
25340671
15037264
73105624
20716354
61740532
30416257
02531674
41023675
36714205
32154067
36541207
60132574
03127654
01237645
26140735
31526740
62347510
10423576
40613572
12074635
71543206
53472106
46013572
27316504
20316547
01752634
35201674
30217654
21740635
52346107
71452036
43150267
36142705
53142067
43256017
71302645
01476523
32471605
35642701
73452016
71432650
41352607
43057216
31450672
37402165
31520674
46732501
75302614
10426573
65342170
32014657
46037251
31054627
73420165
12703645
40632517
42506371
25310647
31074265
20176543
43062157
75643021
21407653
43057261
03574612
70312645
35642710
23150467
01534672
50643271
43027651
62134570
31426057
15730642
31540726
13472506
05312674
53642071
61475320
76134250
14053267
31750264
24016537
35142760
21456703
45610372
42107356
41526307
21345607
34670215
01523467
45302617
32146057
21546370
56130274
06123754
12354607
26045317
35647021
04673152
62135074
36042517
03574162
23470615
61403527
10432576
52346170
25047631
76340251
72106345
60423571
14532607
60123754
23567104
36415702
73412605
45673021
37152064
06713542
64012573
70423615
31246057
41570326
61530427
17503264
21534067
31456702
36157420
32604751
50632174
53426017
60152374
36547120
52046137
04673251
36541720
42176503
76302541
13476052
21647035
12034657
42057316
20173645
23570461
61402537
30541672
23514067
71435260
45102367
71640352
35142706
30642175
36715042
02416537
25047316
42017635
42610537
62471053
06427513
42073516
27516340
25346107
72406531
31746520
61532704
67542013
35072146
51432067
42653017
42610357
73145206
35047621
42156037
42506173
26015374
26457130
36542017
07146325
65320174
34021567
71653204
70136254
64372051
65243017
20546371
43157026
61732405
61573240
23570614
20173654
10423657
46317205
23647501
23546017
31705642
31560274
36140725
31726450
31540267
61470352
23715046
40532671
03174265
14506372
02614357
14706352
04317652
47312065
23645071
31742560
23014657
65243071
20146735
42076351
64173052
36175402
25130647
36154072
32614705
56132740
64372510
43512670
16034257
10435267
30145672
65342017
20751364
02513467
14376052
46132570
26307154
07643512
32674105
76450213
62073541
65437210
31547062
43702516
62347105
27130645
23746501
01732564
43560217
14276350
71423065
75402361
45012367
73514620
74603251
43175026
43502617
25640173
34516027
43602175
31506742
01532467
23517406
10742653
73602514
54172360
20436157
43526170
46103572
25746013
24706351
43762150
02174356
30176254
40376512
04753162
35746012
40172365
60423517
73012564
35674210
24130657
15362074
20346517
43150672
25470136
61073524
36402157
61473520
56473201
45162307
62047351
13472605
76145302
26134570
34526017
36710452
25036417
36147205
32051674
42617350
14603257
32407651
46153207
25376410
52430617
21470536
46517023
36512074
10453672
34012657
64173502
73416052
76513240
26317450
06412573
23540761
21536704
46310752
31654270
43026571
15203674
42601357
16542703
37542610
31607245
36754210
14302657
61450327
76132540
63547201
20357614
72316504
21657304
72156034
46501273
61542307
01436527
21745036
31406275
73540216
23416057
56142370
16503274
14073652
21573604
21035674
76352014
21403765
36152047
71423650
70436152
43516027
60743152
62713504
35061274
21456370
35726014
36514720
62340571
60174253
43162705
34257610
07342165
05346217
21743605
37640215
34762015
34521670
61473250
23471650
72140653
07132654
31472650
62470351
42673510
23654170
41752630
56032147
06541237
02413657
16752043
63512407
26073514
41672035
51642073
34602175
62173504
15042376
31472605
23507641
73514206
60312754
71542603
32067541
42673501
43517260
73514062
23056417
20143765
07142365
65243170
31472065
37645012
36120745
76342015
51472063
35740612
34612507
30142765
16543270
41520367
27635014
61423057
67143025
65140372
52140376
23746105
26714503
23516074
36027541
31725604
35420167
23476510
16037245
71420653
26430175
16402537
70613254
34276510
61027354
64513027
64120357
32650714
23074651
76304251
03742165
46170325
34752160
36102745
42576031
35041672
24501367
61452073
65140273
20146375
32146570
21576304
43572601
62174350
26137504
01437265
23475601
21406753
61423570
23175046
31470652
36150742
21456307
64132057
35640712
20473615
06453721
26345710
02347651
35146270
26310754
23570164
31542706
43106572
15073246
72643015
30641752
03176254
54032167
72014365
23615740
20463517
46350271
76312540
03512674
36154027
30157264
73640251
05623174
63425170
26145073
36147520
21746053
17043265
30624517
23150764
04236517
26143570
05471263
72345016
06125374
03627514
23076145
12604357
43162570
20614537
25471063
20136547
30572641
06457213
16435702
34651207
20437651
53640217
23640175
07346215
06152374
53640172
31026754
23465017
51473062
26140357
20174365
17342605
36217054
70432615
60742153
06132574
01354267
36540721
41053627
43726105
65132407
23617504
30614572
41506372
12547360
14372065
21607354
27345106
20437165
13426507
16523740
05732146
23407516
21756304
32046157
35640172
04653271
03172654
16023547
20641537
50342176
30425176
46173205
30674215
03412765
14206357
21657034
62153704
46032517
61540237
73104265
23716054
71043652
30647521
30512647
31570462
53742610
25403167
73152604
31046275
31247605
73502641
04372561
04516372
26034517
15042673
21753640
65023147
31675204
30542716
60325714
76403251
23751064
14752603
02173654
23645170
01643752
73541026
27036145
21357064
73146025
21047365
32416507
20173546
01574263
23170654
13604257
64510372
42103657
41532670
63541720
40327615
73402651
23107645
42013567
26134507
42153607
71543062
40256317
12470365
70153624
20456137
13472065
21450637
24703156
25614307
17053642
62430715
41752063
20345167
23041675
36514702
46135072
24107365
34051672
20136754
26413507
21750634
36701254
34127650
36102574
03642517
60742351
14203657
65013724
21043675
62514037
65340271
43150762
36025741
32017564
21504376
67043152
34205617
31570264
62504371
42506137
65130247
13752064
36241057
36702415
35762014
26475310
42157306
30742156
01523674
61403257
30526147
15643207
30425671
10342657
42370651
74103652
15702634
64073512
13450267
40362571
21407635
24173650
51032674
60732514
41563027
23406157
20465317
26075143
67140325
20753164
02346517
20476315
36042715
60173542
61532740
26713504
50143276
10632754
32106574
12436507
36247510
45172306
23451760
15732604
30247651
24350671
14502367
34512670
24306571
43670512
42170356
61473205
36514207
63027541
04731652
06123574
43672051
34170652
20713654
23405716
62307514
62134057
61405372
23540671
16273540
60413572
76032154
13406572
45103627
63174502
41506327
32657014
24106357
06137245
40372516
64172053
14570632
41560327
46327015
36074215
73124650
23510647
26473510
40653217
16742503
64372105
40732615
06472153
23465701
46012573
46501372
60342751
25136074
36204517
35064271
30614257
10742365
63542170
60732154
24576031
37642105
32617405
34607251
36045712
64573201
23146705
43026517
26017534
67042153
72643510
24375601
21537064
42163570
70352164
23614057
42037615
71643205
31057246
14723650
27046135
43170265
02145673
04362517
12547306
63071542
02645713
10536274
31074652
30715642
26173054
61542703
56102743
32514670
35601274
03756142
72046315
14273605
24056137
36427015
31056742
71540632
46013725
61723054
31206754
26140753
40617253
15302674
30576142
53126740
15742630
73142506
61057324
32104657
31574062
12547063
13472056
72145360
75063214
10743652
72613504
46315702
10253674
31047256
06543127
61523704
41032675
73542106
30657124
61302574
75042316
61520374
35074126
73650214
27304615
65712043
01547632
21746350
23506174
06143275
31046725
72453610
46103257
53026714
16523704
73450261
61072354
74102365
23450617
26147350
21430675
03452167
40612573
43726015
30542761
73610254
03754612
42016357
63240517
20145376
36740251
42136507
53407612
14053627
74613205
34706512
40327651
53712604
13762054
30562741
05613247
40653271
41537260
15403672
04523617
67513024
03614257
35602147
05436217
05342176
03742615
31270654
72516340
26147503
13742650
36041752
46310725
26340571
31506247
25307614
60123547
30147625
36704251
37402615
63205147
21546073
15642370
21460573
53126074
30647215
14523067
70362514
65472013
36714025
10634257
06132754
35247160
43105672
25346710
16420573
26514307
21354067
23650714
03657124
76452130
63470152
03476152
35027641
27046351
50632147
01763245
34051267
73516204
43612750
20176354
42316057
32047615
31540627
61437250
21047653
25430167
31745620
13762540
36704512
61540273
65402137
30174256
37512640
64573102
05127364
23067514
61423507
23057614
07643215
62437105
06521374
20736145
26014735
06127354
63120457
03412576
63520174
24350167
26035714
46307251
21563074
30156247
01543762
30674251
31764250
02456137
25374601
31754062
41502673
43276501
76012534
06743251
62145073
51046372
64170235
46713250
35021674
53472610
30152674
41652307
20136574
42105673
71543026
72034651
46120573
27140365
30142675
35062174
35607214
01462573
30541267
70432165
36574021
13507264
05613742
43612507
61243705
36157204
32476150
53140276
14752630
60547123
36172504
42056317
25376014
51703264
13460257
62107534
36725041
64302517
65041327
02674315
21346750
34726015
35417260
64230157
62143750
15632407
14370265
26710543
61730254
17023645
17042563
01476325
71526304
31475026
30152647
10436572
37412650
34571620
46157203
16530274
21536074
31752064
71053246
30476125
30645721
02317654
43152670
02436157
21473650
57342610
02345617
10523467
63407215
17643052
01573426
31074625
70126354
21476053
31726045
50436217
23640571
64213507
31706254
71462305
21036475
63421507
31420765
74026315
52647310
36147502
16542037
15630247
42310657
72146035
73120654
04136257
21543670
06142735
61543207
23064571
46032715
34510267
21043576
20647351
06732415
63125047
35402176
23641075
07342651
30517624
24576310
41703256
10237654
02376415
04652317
26357041
71342065
03471562
15423670
21047356
23176054
73042156
31507624
42176350
36417205
36240517
72350641
36512407
21045376
62045137
62140357
45230617
26710354
35702164
62431057
75603214
30542671
47032615
36712504
16532047
36542701
46710253
43276510
30657214
26147035
01742563
52140367
63027514
03612574
26135704
12450367
36410572
70123654
04513627
23146507
76130254
04712653
42673015
37610254
35042761
26013457
30247165
62140375
23456017
31254607
02347615
73401652
26105374
32147605
16032754
46512370
23716504
03145672
26405173
14720653
62413570
62475130
30746251
43217605
45170362
27613054
67103254
36510247
72145306
32647105
26305147
64312057
46072315
42506317
63210457
25140376
32014567
07146253
72146503
24613057
07512364
62173054
47032651
76530241
35476120
21465370
06154327
06157243
36045172
23410657
12504367
76312054
40253617
36245710
35412760
16427305
34260157
13640572
06423517
21540736
35762104
35214607
63072415
15340672
01423657
36542710
26403571
15063247
35071642
65310274
40571362
23476015
31574620
36015274
36507241
26435710
21703645
52643017
42170653
30526714
20164357
62435017
26301547
02154637
63042517
14673025
20471356
35471062
34521067
02146375
20541637
61543072
31427065
46712053
72143056
46153702
02316574
26345107
65340172
20635147
14503627
26143057
72146350
16402753
06517243
06354217
24031657
23740651
04316257
60413257
34071562
63471520
54073162
36415072
23674051
34175620
23610547
20153764
70426351
46213570
37642150
42370516
21740653
31076254
15634207
32047561
20643751
05632741
06743512
56472013
03152467
35460217
06734251
04276315
14702653
31504672
50142376
62703541
76432501
36427510
30714652
72140356
26174530
47103625
63021547
65732041
03152764
30154627
61243750
40713652
23046157
32476501
03241657
64072531
73520614
65420137
54302617
21645730
53612704
61542073
01342657
32150467
25736104
15243670
26531074
21045673
21574630
31562047
31450627
34027165
50612374
21467305
40273615
02143657
63170452
43756012
43510726
25013764
03142657
21756034
71052364
21476305
43152067
62054317
26354710
36102475
02736145
71402635
10436257
35421607
23146075
63405712
12346507
43720651
76340152
36120547
73426051
73046512
51403267
34076125
26471053
41053672
35402761
43502176
06723541
30612547
35176420
60145273
63704215
43076215
62470513
34672105
31476025
31465207
06172453
02341657
03216574
41530267
42501367
21475630
61470235
21036574
23451607
05347612
35076412
23457601
70346152
12403657
32657041
61450237
36472105
36450721
51032647
65041237
56302147
03742651
30524167
23175406
41670235
31657240
43016527
31745062
62047531
64127350
56102734
24310576
03562147
73420651
61504327
26517304
04612537
20136457
16732504
56043271
05731264
43076521
72513604
40153672
31754602
21736045
36514027
36420157
75402163
63174205
43612570
73426150
61547032
15723064
60134257
20457361
24701653
65073142
70143256
41603257
43152076
24705316
06173245
72506134
63412057
46137205
02147356
42376051
31260547
46732510
76145320
30452167
05342671
32674015
01643527
41502376
10642753
43156072
30574162
23076514
31504276
60473251
34512067
23054671
06132745
36510724
02143765
31742650
21435760
41650327
34210657
67013254
24537601
63742015
23164057
72341605
43072156
04531267
52146370
12537604
23741650
72301654
35162074
46032157
16432075
36172450
73154206
32147650
21473605
63742501
13607254
25301674
71546320
63147250
02314657
43126507
43162057
03457621
06314257
30567124
03614572
27645013
02364517
41253607
73452106
65032174
34027651
63514270
04156372
72314605
65043712
43102657
65472130
21765304
26145037
62057314
61437205
30567214
25614370
13647205
76431205
32407165
23417560
35046172
67032541
63140725
24576103
15723640
34125067
63507241
03147652
25370614
63157240
03514627
04752361
73412560
26047135
12736504
14072365
31650247
04372651
35214067
10562374
53472016
36125074
25163074
15046372
61542730
63405172
30124765
36214705
26340751
26143507
17302645
40613725
20145637
72546130
64130257
42136570
14537260
25736014
36174205
60142573
43507621
15642307
24371605
26045173
36540271
46273015
01736254
36514072
26135740
31524670
23150647
23416507
06214357
73615204
01472653
14530672
42016375
15623047
06324571
01435267
42130657
26431507
64372501
36104275
04376512
26437510
31507642
32645107
41670352
40362517
24165307
02541637
21453670
35026147
34702615
67142350
63405217
62170345
73542610
64371250
43276051
24610537
03176524
41502367
31405267
52147306
23714650
71043256
23045167
31705624
15073462
32640157
63504172
21745630
21647350
61743520
42167350
23605147
24037165
16504327
46105327
73140526
63147205
34570126
73540162
16502743
24736150
65473102
07352614
63710542
31067254
31427650
23746510
20517364
05423167
40312576
30641527
45372601
27143650
61407235
26174035
15603274
62410357
31024675
61427305
74502361
31642075
74132605
36517402
73024615
42170365
01642357
16453702
63514027
31576204
60743512
20634571
16402357
24530176
03642175
64072153
23045176
24610357
54026317
04312675
63145207
21674305
40672315
31645027
40352167
73501264
31572640
43726510
10732654
21067345
10473652
02317645
23046715
54012367
41056237
16452073
35126074
71526340
31024657
45063217
01432576
46371250
06342751
35674201
20546137
31704265
14062357
35174620
46352170
06417253
12753604
32547160
46170253
03547126
14753206
05473261
25340176
65423170
21540763
40526137
02173465
46150273
54072163
20347165
25104367
16543720
56140723
34152067
14352670
12475360
73041652
36102457
53602174
24076315
36752410
61243570
23145760
35470162
15423067
76431250
61407253
43502167
15342607
23541670
62170453
02157364
36517042
72034615
25306714
61502374
36140752
63541072
12054367
36475120
20516347
35640271
46301257
23516407
20461357
26314057
36104572
43670251
32071645
63017254
15432607
31207654
05123674
60153724
15702643
61542370
36214057
52640317
74032651
35471206
31406257
02463157
35604217
64273510
20376514
36045127
63420517
20436517
64072135
76043215
46537201
60213574
02546137
42613057
23107465
25310674
45602317
31452067
03542167
06432157
41072365
16534207
20475316
46512037
04176235
26034715
04713652
60537124
43160572
75342061
71403256
25617304
56143720
31457620
21743650
02516347
36452107
23746015
21450736
26147305
63502174
40375216
73062514
45031267
43672015
63145720
06473152
37615024
36742501
31247650
74152306
30517264
15302647
17032645
35106274
32507164
72016534
36420517
23546170
02416357
07612534
35721604
04176253
40516327
03547621
25106734
73026145
23475160
43527160
50431267
23514706
46013275
12743065
56470312
70342165
42356107
34206157
12470653
40132657
16423507
65312704
06374215
43017625
30142576
30762514
20347156
43501267
60421357
60542173
26407315
23417650
23054617
62547031
02165374
35462017
14573062
72130645
43712560
60273541
62174503
35641207
32107564
03467215
30672541
37625014
04752163
35017624
30456172
20476513
62145370
31245670
21573640
35217604
72104365
50432617
12540673
05631247
41562370
63147520
42513670
36124705
34570612
12436057
20574361
71452630
60124357
26150374
31562074
72643105
21043756
24135607
43520671
25041673
23147605
41603275
36402715
76102543
20456317
21470365
23740165
04521367
56403217
62347015
43276015
73012645
13420657
60517243
35146720
06532147
30726145
21345670
65402713
34062517
31240657
62314057
43562107
45163270
72314065
61543027
76432105
76142350
15420673
73452610
43016572
04571263
60132457
01732654
74310265
02476351
43652017
16543702
76302154
62031547
71023654
23574610
60473125
76342051
21435706
05142673
12473650
21647305
43052617
52347061
26107354
03546127
50346217
73516402
31047265
43612057
20647315
64217350
02613574
64320517
56032714
15046327
06312574
16723045
63107524
32167054
03567214
60372541
10426357
21473065
26013574
12473056
16470352
14537206
04173256
36504217
34207165
12543607
43657210
34125670
35041762
04672153
31754206
67043215
25347610
47103652
23157640
65402173
26140573
61750324
63142507
70643512
46152307
02153467
02613754
47012365
42307651
02463517
26734501
60135274
63042751
24516307
31207645
61752340
31750642
31562704
60543721
23450761
42076513
20543176
63152740
04617253
07246351
36501427
76043251
32154607
31072654
45173620
63427501
34025617
02476153
65432107
65302714
76243510
03576412
53462017
35176402
12543670
04572361
43527601
25036741
25641307
16520374
02673415
60543172
45120367
43571062
46370152
36105724
41206357
23674501
73546102
15742063
20137645
02476513
31460527
41750263
26153047
03647215
70542361
23647051
72346105
24506173
34057621
03471652
05476213
71342056
23657014
26173504
30612745
46173052
52347601
15703246
43506721
42137065
35107624
30472156
62541370
26435701
12540637
60513724
21530467
41762305
12706354
61320547
73542160
23476051
21746503
75043126
23067541
10573246
46120537
61532074
12053647
53476012
73045216
03124657
26137045
26104537
23647510
41352670
20647135
42613570
63170542
25304671
56472103
60143275
02471365
31460572
61407325
06514327
36510427
76143502
73640512
03156724
41753620
26037451
71546302
63470251
53402167
61574203
02467315
74152360
31046752
31524067
02134657
60173425
63517204
36420175
56043712
14502637
51073246
25406137
41073256
60314257
31407625
43157260
65134207
46152037
35067214
16543027
26357401
21073465
35167204
53146072
24671305
26045713
61743502
31057264
41720365
31526407
23710654
43057612
26547301
30146572
42173056
73146520
31746052
37015642
20354671
01654327
36105274
16370542
60523174
14702356
03517264
50472613
73406152
36154720
56143270
14573260
71453260
31726540
36402571
43257610
40736152
23675041
73605214
60534271
26347150
23617054
24703165
02346715
62530174
61453720
35126047
05741362
64723510
65142307
10543276
21705364
23745610
42056371
31420657
61430527
25406173
46107253
23754061
34752016
34571062
32517604
36742105
60543712
26031457
20543761
51403672
41526037
21543706
36714520
35746120
17052643
23156470
04327651
35407261
02536417
31740256
35102674
26317540
41506237
24317605
64312570
26514370
53647210
30564127
35610742
24316057
36425710
62017534
06342157
71642035
01536274
30457621
31206547
30654271
34256107
63054217
23645107
46072351
05132674
74032615
73140265
41023657
23147650
16502374
70145326
10542673
10536472
32645017
42673051
65031274
14372650
23146750
30514627
32157064
01327645
61042753
31047625
23574061
63125740
61453027
25364017
72153604
25746103
41563207
31654207
06142537
21473056
71432065
20147356
03146572
06245137
56132704
03672514
03152647
43612075
62541307
03645712
46172530
13502647
35740126
70642315
35614027
41753602
61432570
16307245
21370546
23615704
37140265
40356172
24103657
50132674
46302517
76453021
70142356
03645172
30157246
31026745
60147325
65032147
25046173
35410267
21357604
16730254
36745102
06137254
53142706
05641273
31426705
01362547
62547103
61052347
36514270
46170235
42576103
40237651
35602714
50126374
10723654
07342156
43650172
16503724
35427610
63041752
43516702
21546703
03471265
73150642
06537214
23714605
62041357
61725304
41652037
35104267
76314250
16072534
34705612
41702635
16042537
02514376
23614750
30127654
10326457
04563217
34572061
01542637
43217065
31574260
05346172
64730152
14037652
32501674
31425760
61702345
74302615
45072316
73510642
34750216
25041637
62531074
31075264
53642170
13072465
26143075
43510267
30625147
42173650
14273065
03476251
01243765
53142607
43526701
73046152
71430256
46312057
40153627
21057346
25476103
46352701
30541627
47312605
10753264
30754162
43126057
46032571
42063517
36140275
23154607
46710352
16542730
06312457
36275140
04312765
03217564
01753264
03452617
06347251
35471620
02357164
76435012
02517364
01472365
01473265
35426170
63172450
65407213
41573206
36702541
24531670
34617205
75612304
26015743
34671250
51643072
36741205
40372165
31674025
76510243
40216357
01543276
26017543
30615274
10573462
20645317
72403615
42306517
32107654
23670541
27516304
34072156
70146235
62374501
45062137
14507263
43601257
62145730
60374215
21057364
73520641
31756042
25046137
76540321
14526370
10547263
45316207
43612705
31742065
72640315
73014652
64302571
20346571
60153274
36407215
35407162
30742651
26153074
31760542
14073265
16542370
30741265
41732065
36015472
73146250
73042651
64230517
61503274
32160574
26370451
16042753
73456012
70423165
42106375
46712503
21376504
53426170
70142635
61740352
16530742
60437215
47152306
61023754
37140652
25407631
51732640
31564207
31564027
43625107
71543260
02746351
10542637
02174653
36104257
20135674
61473025
45236017
31560724
14702635
73426501
63145702
72045316
61507234
23574016
61574320
34501627
62413507
20375146
61752304
61547302
46153720
15320674
10574263
24157360
36425701
23074156
06147235
40351267
02461357
21504367
31246750
52460317
25341607
41652370
13507642
36021547
31457260
60342715
24075613
72306514
36147052
36570421
64370512
10472635
06712543
37145260
54632170
41506273
26154307
32654017
71243065
23145076
50423617
32476051
01462357
34602517
43605217
46173250
24075316
23174650
75640213
61072534
25130674
61703524
30126457
73510624
36472501
12453607
36712540
36047215
35612047
04573126
56120374
14602537
46573120
71463250
34150627
50472163
15023647
60713542
36715420
26145703
32150674
43502671
73142605
07542361
27314605
34721065
10534267
04512673
42306571
24517306
15673042
23541706
45372061
07346512
45106372
31402657
31405672
01672543
05173642
25016347
64523107
27145306
53172640
36127045
65143270
61072543
30712546
34056172
21536740
26035147
64301257
76543120
74102635
36501274
50312647
62147305
03147526
61045273
43056217
04276351
31504726
72314650
01367254
35406172
36142750
24170365
42516037
61752034
56142037
26475130
72143506
61742305
46317052
32614750
61723540
34576102
04513267
17432065
43175206
30471562
42513076
20143756
15042637
16432057
60123574
74016352
61073254
21403657
26340715
16342750
21076354
04176352
15643270
53640271
42150367
21740365
76304215
56042713
21476035
21073645
63407152
02547361
34726150
43702165
15073624
41672305
23465107
56473102
71530264
10642573
42057631
45062371
15640327
23140765
10476523
37042165
46107325
31502674
32514607
45320617
67240315
76401352
26350417
27016534
76352104
63152407
72014635
45312076
46203517
76042351
36052741
23146057
36152470
61702354
73542061
76510324
20541673
30246571
65243107
31765240
60531274
47106352
70243615
73462150
30125674
36754201
31602547
01524673
12473065
32164057
23517604
20546173
73462105
32140576
64213057
72640351
61402375
31745260
73162054
43675012
21746530
23467501
13547206
30542167
47102365
60172543
72305614
67012354
32610547
26173405
65203174
25314076
46153027
02153647
61342057
23706415
24031567
63205714
27056134
32470156
35741062
30742165
53172064
31542067
42573160
02457361
21405376
01246357
46302175
56402713
05142376
25146073
21756043
23164570
45073261
30145276
43712065
26147053
71502634
35740162
46732051
01435672
50142673
34276105
17653204
43052716
61403275
21056347
06542137
31420576
41572630
14327650
36504271
42617305
34725610
43517620
42563017
15632470
30172654
15043267
41273605
71602354
04531672
26135074
32547601
41726350
25137604
73140652
61432507
15372460
35246017
72160354
36574210
62310754
35402716
36472510
76104253
72540361
36471205
36425017
74512306
40573621
23140576
30476512
16430275
03652714
15034672
16432570
72513640
30752164
21453607
65104372
76143025
51742603
42156307
16542073
63517024
76132054
20617354
53427601
16432705
03427165
26370415
61032574
43102765
30627514
26034571
70132645
51402673
75042361
72146305
14523607
10643752
62341570
24065317
23076541
43216507
36452017
73016254
26045731
56173240
03475612
01746352
15402673
35174260
63142075
43056172
20645713
70645312
04571362
23105674
63217054
20473651
62147053
06127534
32510467
31740562
03157642
23154067
36174502
76140352
62405137
06352714
25370641
62150347
01476352
02136547
15073264
54132607
30745162
07612354
40756312
42173560
12750364
16730245
23015764
23507461
51632074
63072541
21405673
62457301
25341670
61470523
43756102
37142650
36057124
26137054
46031257
73502164
23104576
24613507
21547630
46072135
16432507
41520673
45613072
26540173
31756420
35104627
46013527
24710653
21530746
31546702
15743602
32406571
42607351
31450267
40572361
30146527
71426053
76543210
63105724
12036574
03517642
42103567
13426057
27140653
30162574
71532064
13072654
61047352
23165740
01732645
63172405
25140673
42573601
20346751
21065374
62713054
74302651
25314607
64173025
76053214
31724605
36175420
02513674
76314205
63014572
35726104
40573126
52143076
24376501
71452306
