8 0 8 6 3 4 7 1 2 5 0
9 3 6 0 3 4 7 1 2 5 6
9 4 5 1 3 4 7 0 2 5 6
9 5 4 1 3 4 7 2 0 5 6
10 1 9 6 3 4 7 1 2 0 5
10 2 8 6 3 0 7 1 2 4 5
10 1 9 6 3 4 0 1 2 5 7
10 2 8 6 3 0 4 1 2 5 7
10 3 7 6 0 3 4 1 2 5 7
10 4 6 6 2 3 4 1 0 5 7
10 5 5 6 2 3 4 1 5 0 7
10 6 4 6 2 3 4 1 5 7 0
10 4 6 0 6 3 4 1 2 5 7
10 5 5 1 6 3 4 0 2 5 7
11 3 8 6 3 0 7 1 2 5 4
11 4 7 6 3 5 7 1 2 0 4
11 5 6 6 3 5 7 1 2 4 0
11 6 5 1 0 4 7 2 3 5 6
11 7 4 1 4 0 7 2 3 5 6
11 8 3 1 4 5 7 2 3 0 6
11 9 2 1 4 5 7 2 3 6 0
11 6 5 1 3 4 7 2 5 0 6
11 7 4 1 3 0 7 2 5 4 6
11 7 4 1 3 4 7 2 5 6 0
11 4 7 3 0 4 7 1 2 5 6
11 5 6 3 4 0 7 1 2 5 6
11 6 5 3 4 5 7 1 2 0 6
11 7 4 3 4 5 7 1 2 6 0
11 3 8 0 3 4 6 1 2 5 7
11 4 7 1 3 4 6 0 2 5 7
11 5 6 1 3 4 6 2 0 5 7
12 8 4 0 3 5 7 1 2 4 6
12 9 3 1 3 5 7 0 2 4 6
12 10 2 1 3 5 7 2 0 4 6
12 11 1 1 3 5 7 2 4 0 6
12 12 0 1 3 5 7 2 4 6 0

=======================================================
