0 0 3 0 1 4 2 6 5 7
3 1 0 3 1 4 2 6 5 7
2 1 2 3 1 4 0 6 5 7
4 3 2 3 1 0 4 6 5 7
7 1 2 3 1 7 4 6 5 0
1 3 2 3 0 7 4 6 5 1
5 1 2 3 5 7 4 6 0 1
6 1 2 3 5 7 4 0 6 1
4 1 2 3 5 7 0 4 6 1
2 1 0 3 5 7 2 4 6 1
1 3 1 3 5 7 2 4 6 0
Total cost: 16, Runtime: 0.031070462999999993
=======================================================
0 0 6 3 4 7 1 2 5 0
4 3 6 3 0 7 1 2 5 4
5 1 6 3 5 7 1 2 0 4
4 1 6 3 5 7 1 2 4 0
6 3 0 3 5 7 1 2 4 6
1 1 1 3 5 7 0 2 4 6
2 1 1 3 5 7 2 0 4 6
4 1 1 3 5 7 2 4 0 6
6 1 1 3 5 7 2 4 6 0
Total cost: 12, Runtime: 0.005296564999999975
=======================================================
0 0 1 0 3 6 5 2 7 4
3 1 1 3 0 6 5 2 7 4
6 1 1 3 6 0 5 2 7 4
4 1 1 3 6 4 5 2 7 0
7 1 1 3 6 4 5 2 0 7
6 1 1 3 0 4 5 2 6 7
3 1 1 0 3 4 5 2 6 7
2 1 1 2 3 4 5 0 6 7
6 1 1 2 3 4 5 6 0 7
7 1 1 2 3 4 5 6 7 0
Total cost: 9, Runtime: 0.012777783999999959
=======================================================
