0 0 3 0 1 4 2 6 5 7
3 1 0 3 1 4 2 6 5 7
2 1 2 3 1 4 0 6 5 7
4 3 2 3 1 0 4 6 5 7
1 1 2 3 0 1 4 6 5 7
5 1 2 3 5 1 4 6 0 7
6 1 2 3 5 1 4 0 6 7
4 1 2 3 5 1 0 4 6 7
2 1 0 3 5 1 2 4 6 7
1 2 1 3 5 0 2 4 6 7
7 1 1 3 5 7 2 4 6 0
Total cost: 13, Runtime: 0.015489827999999983
=======================================================
0 0 6 3 4 7 1 2 5 0
4 3 6 3 0 7 1 2 5 4
5 1 6 3 5 7 1 2 0 4
4 1 6 3 5 7 1 2 4 0
6 3 0 3 5 7 1 2 4 6
1 1 1 3 5 7 0 2 4 6
2 1 1 3 5 7 2 0 4 6
4 1 1 3 5 7 2 4 0 6
6 1 1 3 5 7 2 4 6 0
Total cost: 12, Runtime: 0.006247002999999918
=======================================================
0 0 1 0 3 6 5 2 7 4
3 1 1 3 0 6 5 2 7 4
6 1 1 3 6 0 5 2 7 4
4 1 1 3 6 4 5 2 7 0
7 1 1 3 6 4 5 2 0 7
6 1 1 3 0 4 5 2 6 7
3 1 1 0 3 4 5 2 6 7
2 1 1 2 3 4 5 0 6 7
6 1 1 2 3 4 5 6 0 7
7 1 1 2 3 4 5 6 7 0
Total cost: 9, Runtime: 0.0015263439999999573
=======================================================
